project: Netflix_Prediction
model_name: Baseline_LogisticRegression
selection_metric: test_pr_auc
threshold: 0.5
metrics:
  cv_pr_auc: null
  test_pr_auc: 0.2373019444206021
  accuracy: 0.6208
  precision: 0.25144092219020175
  recall: 0.60801393728223
  f1_score: 0.35575942915392456
  roc_auc: 0.6344498199753681
  log_loss: 0.6614044714528172
  predicted_positive_rate: 0.4164
hyperparameters:
  class_weight: balanced
  max_iter: 1000
  random_state: 42
